[gd_scene load_steps=4 format=2]

[ext_resource path="res://Enemies/BasicEnemy/Enemy.gd" type="Script" id=1]

[sub_resource type="CapsuleShape" id=1]
radius = 0.394877
height = 2.41754

[sub_resource type="BoxShape" id=2]
extents = Vector3( 53.9566, 10, 20.7913 )

[node name="Enemy" type="KinematicBody" groups=[
"enemies",
]]
script = ExtResource( 1 )

[node name="Hitbox" type="CollisionShape" parent="."]
transform = Transform( 1, 0, 0, 0, -1.62921e-07, -1, 0, 1, -1.62921e-07, 0, 1.68134, 0 )
shape = SubResource( 1 )

[node name="CSGCombiner" type="CSGCombiner" parent="."]

[node name="CSGSphere" type="CSGSphere" parent="CSGCombiner"]
transform = Transform( 1, 0, 0, 0, 1, 0, 0, 0, 1, 0, 2.88663, 0 )
radius = 0.310121

[node name="leg1" type="CSGCylinder" parent="CSGCombiner"]
transform = Transform( -0.0744392, 0, 0.997226, 0, 1, 0, -0.997226, 0, -0.0744392, -0.200909, 0.622377, 0.0234945 )
radius = 0.0893239
height = 0.929404

[node name="leg2" type="CSGCylinder" parent="CSGCombiner"]
transform = Transform( -0.0744392, 0, 0.997226, 0, 1, 0, -0.997226, 0, -0.0744392, 0.208868, 0.597365, 0.000800828 )
radius = 0.0893239
height = 0.929404

[node name="CSGCylinder" type="CSGCylinder" parent="CSGCombiner"]
transform = Transform( -0.0744392, 0, 0.997226, 0, 1, 0, -0.997226, 0, -0.0744392, 0, 1.94027, 0 )
radius = 0.33581
height = 1.16878
sides = 20

[node name="Gun" type="CSGCylinder" parent="."]
transform = Transform( 2.65431e-14, 1.62921e-07, 1, 1, -1.62921e-07, 0, 1.62921e-07, 1, -1.62921e-07, 0.296382, 2.40996, -0.821742 )
radius = 0.0676291
height = 0.774024

[node name="VisionCone" type="Area" parent="."]
transform = Transform( -4.37114e-08, 0, 1, 0, 1, 0, -1, 0, -4.37114e-08, 0.0767746, 3.59069, -19.8842 )
collision_layer = 0
collision_mask = 3

[node name="CollisionShape" type="CollisionShape" parent="VisionCone"]
transform = Transform( 1, 0, 0, 0, 1, 0, 0, 0, 1, 34.4426, 0, 1.50502e-06 )
shape = SubResource( 2 )

[node name="PatrolTimer" type="Timer" parent="."]
wait_time = 4.0
one_shot = true
